--------------+---------------+--------------
              | Principal     | Total Due    
--------------+---------------+--------------
Month 1       |    200,000.00 |     66,666.67
Month 2       |    183,333.33 |     53,333.34
Month 3       |    166,666.66 |     50,000.00
Month 4       |    149,999.99 |     46,666.67
Month 5       |    133,333.32 |     43,333.34
Month 6       |    116,666.65 |     40,000.00
Month 7       |     99,999.98 |     36,666.67
Month 8       |     83,333.31 |     33,333.34
Month 9       |     66,666.64 |     30,000.00
Month 10      |     49,999.97 |     26,666.67
Month 11      |     33,333.30 |     23,333.34
Month 12      |     16,666.63 |     19,999.99
